0 0.3415032679738562 0.5514705882352942 0.049019607843137254 0.014705882352941176
0 0.5016339869281046 0.4877450980392157 0.026143790849673203 0.0196078431372549
0 0.6013071895424836 0.5306372549019608 0.04411764705882353 0.014705882352941176
0 0.9166666666666666 0.5379901960784313 0.03758169934640523 0.012254901960784314
2 0.7843137254901961 0.36519607843137253 0.08986928104575163 0.125
4 0.19281045751633988 0.5649509803921569 0.20098039215686275 0.6568627450980392
4 0.3815359477124183 0.5134803921568627 0.1388888888888889 0.5220588235294118
4 0.5171568627450981 0.4852941176470588 0.08333333333333333 0.41421568627450983
4 0.9370915032679739 0.48651960784313725 0.09803921568627451 0.4166666666666667
4 0.6078431372549019 0.47794117647058826 0.09313725490196079 0.35294117647058826
2 0.6282679738562091 0.375 0.06535947712418301 0.0784313725490196
2 0.5212418300653595 0.375 0.06209150326797386 0.09068627450980392
2 0.39133986928104575 0.35784313725490197 0.05392156862745098 0.1053921568627451
2 0.20179738562091504 0.35171568627450983 0.08006535947712418 0.11274509803921569
2 0.9387254901960784 0.3909313725490196 0.05555555555555555 0.12254901960784313
0 0.14052287581699346 0.6188725490196079 0.07352941176470588 0.024509803921568627
4 0.7336601307189542 0.6299019607843137 0.4444444444444444 0.6446078431372549