4 0.19375 0.4438888888888889 0.090625 0.4811111111111111
4 0.2521875 0.3977777777777778 0.055625 0.29333333333333333
4 0.361875 0.5188888888888888 0.101875 0.51
4 0.5078125 0.49333333333333335 0.118125 0.5211111111111111
1 0.645 0.30444444444444446 0.025 0.06777777777777778
4 0.739375 0.44555555555555554 0.094375 0.4622222222222222
4 0.681875 0.5033333333333333 0.15375 0.5144444444444445
4 0.0875 0.42833333333333334 0.095625 0.43666666666666665
1 0.880625 0.3383333333333333 0.034375 0.07555555555555556
1 0.9165625 0.33444444444444443 0.035 0.0811111111111111
1 0.6790625 0.3283333333333333 0.029375 0.06888888888888889
4 0.820625 0.4622222222222222 0.103125 0.4288888888888889
1 0.4815625 0.30722222222222223 0.040625 0.09555555555555556
1 0.244375 0.31666666666666665 0.02875 0.052222222222222225
1 0.0825 0.2783333333333333 0.040625 0.08444444444444445
2 0.318125 0.31277777777777777 0.033125 0.0811111111111111
2 0.3446875 0.315 0.049375 0.10555555555555556
2 0.18875 0.29388888888888887 0.041875 0.08555555555555555
0 0.5290625 0.5355555555555556 0.03625 0.021111111111111112
4 0.919375 0.505 0.15375 0.5077777777777778
0 0.76125 0.5083333333333333 0.038125 0.016666666666666666
0 0.73 0.5472222222222223 0.044375 0.014444444444444444
0 0.3834375 0.5488888888888889 0.04375 0.011111111111111112
0 0.2053125 0.49444444444444446 0.038125 0.014444444444444444
0 0.0890625 0.48444444444444446 0.04625 0.021111111111111112
1 0.3659375 0.28055555555555556 0.019375 0.05
1 0.5375 0.33111111111111113 0.04375 0.07111111111111111
1 0.7253125 0.3233333333333333 0.035 0.06888888888888889
1 0.7940625 0.31555555555555553 0.016875 0.06222222222222222
1 0.8190625 0.32166666666666666 0.029375 0.08555555555555555