4 0.33251633986928103 0.7713936430317848 0.08986928104575163 0.293398533007335
2 0.4158496732026144 0.45354523227383864 0.05392156862745098 0.06601466992665037
2 0.5359477124183006 0.6185819070904646 0.04411764705882353 0.05867970660146699
2 0.2949346405228758 0.5819070904645477 0.03758169934640523 0.05134474327628362
2 0.3284313725490196 0.6638141809290954 0.06699346405228758 0.06845965770171149
4 0.9084967320261438 0.812958435207824 0.09640522875816994 0.3422982885085575
2 0.3292483660130719 0.48655256723716384 0.026143790849673203 0.07579462102689487
4 0.4125816993464052 0.5256723716381418 0.05718954248366013 0.22982885085574573
2 0.7687908496732027 0.8948655256723717 0.05065359477124183 0.07579462102689487
2 0.9084967320261438 0.6833740831295844 0.05228758169934641 0.07579462102689487
2 0.012254901960784314 0.7127139364303179 0.024509803921568627 0.09046454767726161
2 0.9803921568627451 0.4902200488997555 0.032679738562091505 0.06601466992665037
2 0.8888888888888888 0.4633251833740831 0.05065359477124183 0.06845965770171149
2 0.9485294117647058 0.4034229828850856 0.05065359477124183 0.06601466992665037
2 0.3480392156862745 0.6112469437652812 0.04738562091503268 0.08801955990220049
2 0.5016339869281046 0.4889975550122249 0.042483660130718956 0.07579462102689487
0 0.3423202614379085 0.7970660146699267 0.04411764705882353 0.014669926650366748
0 0.920751633986928 0.8471882640586798 0.017973856209150325 0.029339853300733496
4 0.48366013071895425 0.6968215158924206 0.06045751633986928 0.27383863080684595
4 0.2826797385620915 0.7102689486552567 0.05555555555555555 0.3080684596577017