2 0.1707516339869281 0.24509803921568626 0.0457516339869281 0.08333333333333333
1 0.12336601307189543 0.25 0.0392156862745098 0.08333333333333333
1 0.3276143790849673 0.24754901960784315 0.05392156862745098 0.09068627450980392
0 0.5580065359477124 0.7034313725490197 0.05228758169934641 0.031862745098039214
0 0.12826797385620914 0.44485294117647056 0.042483660130718956 0.0196078431372549
4 0.21486928104575165 0.45465686274509803 0.11437908496732026 0.46568627450980393
2 0.7965686274509803 0.27818627450980393 0.05555555555555555 0.08823529411764706
1 0.46895424836601307 0.36764705882352944 0.06535947712418301 0.10294117647058823
4 0.4991830065359477 0.6262254901960784 0.16013071895424835 0.6691176470588235
4 0.1119281045751634 0.4117647058823529 0.07352941176470588 0.38480392156862747
1 0.20016339869281047 0.2757352941176471 0.04738562091503268 0.08333333333333333