1 0.7124183006535948 0.5465686274509803 0.032679738562091505 0.08333333333333333
0 0.2704248366013072 0.8259803921568627 0.08986928104575163 0.03431372549019608
1 0.9060457516339869 0.5477941176470589 0.04738562091503268 0.09803921568627451
0 0.8978758169934641 0.7254901960784313 0.03431372549019608 0.022058823529411766
0 0.6200980392156863 0.7536764705882353 0.05555555555555555 0.022058823529411766
1 0.6266339869281046 0.5575980392156863 0.06535947712418301 0.09068627450980392
4 0.619281045751634 0.7279411764705882 0.12254901960784313 0.4877450980392157
4 0.2818627450980392 0.7389705882352942 0.1977124183006536 0.5220588235294118
1 0.30310457516339867 0.5379901960784313 0.08496732026143791 0.12254901960784313
4 0.7148692810457516 0.6703431372549019 0.08169934640522876 0.32598039215686275
4 0.9060457516339869 0.6973039215686274 0.0915032679738562 0.41911764705882354
4 0.1568627450980392 0.6139705882352942 0.0457516339869281 0.2107843137254902