4 0.22166666666666668 0.5565476190476191 0.14333333333333334 0.7976190476190477
4 0.06833333333333333 0.5476190476190477 0.13 0.7321428571428571
2 0.8033333333333333 0.3005952380952381 0.08666666666666667 0.17261904761904762
1 0.058333333333333334 0.2767857142857143 0.05333333333333334 0.13690476190476192
1 0.46166666666666667 0.30654761904761907 0.07666666666666666 0.15476190476190477
2 0.22666666666666666 0.28273809523809523 0.07 0.1488095238095238
4 0.8233333333333334 0.5773809523809523 0.18666666666666668 0.8035714285714286
0 0.8333333333333334 0.6726190476190477 0.056666666666666664 0.02976190476190476
0 0.215 0.5863095238095238 0.06 0.02976190476190476
0 0.04 0.5892857142857143 0.06333333333333334 0.02976190476190476
0 0.49666666666666665 0.6458333333333334 0.06666666666666667 0.03571428571428571
4 0.47833333333333333 0.5714285714285714 0.14666666666666667 0.7619047619047619