4 0.8284313725490197 0.26598837209302323 0.05555555555555555 0.2936046511627907
4 0.9468954248366013 0.2601744186046512 0.06699346405228758 0.27906976744186046
4 0.2540849673202614 0.2819767441860465 0.13398692810457516 0.2063953488372093
4 0.43300653594771243 0.29796511627906974 0.10294117647058823 0.24709302325581395
4 0.5735294117647058 0.24709302325581395 0.08333333333333333 0.20348837209302326
2 0.8382352941176471 0.1875 0.032679738562091505 0.06686046511627906
2 0.4354575163398693 0.2063953488372093 0.029411764705882353 0.04941860465116279
2 0.3946078431372549 0.18604651162790697 0.03431372549019608 0.061046511627906974
2 0.369281045751634 0.18023255813953487 0.03104575163398693 0.040697674418604654
2 0.33088235294117646 0.19767441860465115 0.03758169934640523 0.05813953488372093
2 0.26143790849673204 0.2180232558139535 0.04411764705882353 0.03488372093023256
1 0.5890522875816994 0.18023255813953487 0.03104575163398693 0.03197674418604651
2 0.9436274509803921 0.17732558139534885 0.03431372549019608 0.06686046511627906
2 0.5743464052287581 0.18895348837209303 0.017973856209150325 0.061046511627906974