2 0.440359477124183 0.530562347188264 0.07679738562091504 0.1295843520782396
2 0.798202614379085 0.5366748166259169 0.05392156862745098 0.06601466992665037
2 0.5882352941176471 0.5965770171149144 0.09313725490196079 0.18337408312958436
2 0.7589869281045751 0.5146699266503667 0.042483660130718956 0.06845965770171149
2 0.8251633986928104 0.5806845965770171 0.06372549019607843 0.11735941320293398
2 0.6633986928104575 0.5562347188264058 0.07026143790849673 0.11491442542787286
2 0.48284313725490197 0.5378973105134475 0.05555555555555555 0.09046454767726161
4 0.8480392156862745 0.7567237163814181 0.25 0.4841075794621027
2 0.34967320261437906 0.5929095354523227 0.09313725490196079 0.16625916870415647
2 0.0457516339869281 0.6491442542787286 0.0915032679738562 0.254278728606357
2 0.13071895424836602 0.5562347188264058 0.11764705882352941 0.13447432762836187
0 0.7475490196078431 0.80440097799511 0.07679738562091504 0.03178484107579462
0 0.9901960784313726 0.7224938875305623 0.0196078431372549 0.039119804400977995
1 0.9199346405228758 0.578239608801956 0.0718954248366013 0.10757946210268948
1 0.4035947712418301 0.5855745721271394 0.07026143790849673 0.1198044009779951
2 0.5620915032679739 0.4938875305623472 0.049019607843137254 0.08312958435207823
2 0.9411764705882353 0.49266503667481665 0.042483660130718956 0.07579462102689487
2 0.9125816993464052 0.5097799511002445 0.0392156862745098 0.061124694376528114