4 0.08496732026143791 0.7141119221411192 0.1111111111111111 0.48661800486618007
4 0.8161764705882353 0.6897810218978102 0.08006535947712418 0.31630170316301703
4 0.9444444444444444 0.7445255474452555 0.09313725490196079 0.40389294403892945
3 0.9444444444444444 0.5948905109489051 0.06535947712418301 0.07542579075425791
0 0.829248366013072 0.7153284671532847 0.042483660130718956 0.024330900243309004
0 0.4632352941176471 0.7214111922141119 0.032679738562091505 0.009732360097323601
0 0.08169934640522876 0.7530413625304136 0.042483660130718956 0.029197080291970802
2 0.17565359477124182 0.559610705596107 0.05065359477124183 0.0827250608272506
2 0.0923202614379085 0.5462287104622872 0.05718954248366013 0.09245742092457421
4 0.5065359477124183 0.7055961070559611 0.10620915032679738 0.35523114355231145
2 0.25735294117647056 0.5498783454987834 0.05392156862745098 0.0827250608272506
2 0.5 0.5778588807785888 0.05065359477124183 0.07542579075425791
2 0.8235294117647058 0.5851581508515815 0.05392156862745098 0.07542579075425791
1 0.12990196078431374 0.5535279805352799 0.05065359477124183 0.09002433090024331
2 0.21895424836601307 0.5559610705596107 0.05065359477124183 0.0681265206812652