1 0.5245098039215687 0.49754901960784315 0.058823529411764705 0.08333333333333333
1 0.6609477124183006 0.5490196078431373 0.0457516339869281 0.0661764705882353
1 0.36519607843137253 0.6936274509803921 0.09477124183006536 0.14705882352941177
1 0.2312091503267974 0.6911764705882353 0.10457516339869281 0.11764705882352941
2 0.5032679738562091 0.4693627450980392 0.06535947712418301 0.09068627450980392
1 0.6813725490196079 0.5294117647058824 0.05228758169934641 0.07352941176470588
4 0.6552287581699346 0.6752450980392157 0.12254901960784313 0.4950980392156863
2 0.4869281045751634 0.4117647058823529 0.04084967320261438 0.06372549019607843
0 0.5089869281045751 0.7169117647058824 0.04084967320261438 0.031862745098039214
4 0.5122549019607843 0.6421568627450981 0.10457516339869281 0.42892156862745096
0 0.6699346405228758 0.7426470588235294 0.05065359477124183 0.024509803921568627