0 0.17725752508361203 0.5443786982248521 0.06354515050167224 0.029585798816568046
4 0.4096989966555184 0.47041420118343197 0.08361204013377926 0.5502958579881657
4 0.5033444816053512 0.5236686390532544 0.13377926421404682 0.7514792899408284
4 0.6387959866220736 0.4260355029585799 0.07023411371237458 0.44970414201183434
4 0.782608695652174 0.5414201183431953 0.20735785953177258 0.8698224852071006
4 0.8812709030100334 0.47928994082840237 0.10367892976588629 0.5621301775147929
0 0.8795986622073578 0.5473372781065089 0.030100334448160536 0.03550295857988166
0 0.7591973244147158 0.5236686390532544 0.06688963210702341 0.023668639053254437
0 0.6421404682274248 0.4556213017751479 0.043478260869565216 0.011834319526627219
0 0.4916387959866221 0.5621301775147929 0.05016722408026756 0.03550295857988166
0 0.4180602006688963 0.5236686390532544 0.06354515050167224 0.01775147928994083
0 0.33444816053511706 0.4319526627218935 0.04013377926421405 0.01775147928994083
4 0.33444816053511706 0.41420118343195267 0.06354515050167224 0.4260355029585799
1 0.8846153846153846 0.28994082840236685 0.05351170568561873 0.10059171597633136
1 0.3377926421404682 0.26331360946745563 0.043478260869565216 0.07692307692307693
1 0.6454849498327759 0.28106508875739644 0.04013377926421405 0.07692307692307693
1 0.7608695652173914 0.21893491124260356 0.08695652173913043 0.16568047337278108
1 0.5066889632107023 0.257396449704142 0.06688963210702341 0.13609467455621302
1 0.4197324414715719 0.2603550295857988 0.046822742474916385 0.09467455621301775
1 0.20234113712374582 0.25443786982248523 0.06354515050167224 0.11242603550295859
4 0.21237458193979933 0.514792899408284 0.13377926421404682 0.7692307692307693