2 0.8529411764705882 0.22342995169082125 0.0457516339869281 0.07004830917874397
1 0.9836601307189542 0.23067632850241546 0.032679738562091505 0.05314009661835749
0 0.8741830065359477 0.34057971014492755 0.03594771241830065 0.01932367149758454
1 0.7393790849673203 0.2632850241545894 0.06862745098039216 0.10628019323671498
4 0.7336601307189542 0.47946859903381644 0.13562091503267973 0.5845410628019324
1 0.9256535947712419 0.23792270531400966 0.04411764705882353 0.06038647342995169
1 0.9060457516339869 0.22342995169082125 0.029411764705882353 0.057971014492753624
1 0.4534313725490196 0.23792270531400966 0.0457516339869281 0.06521739130434782
4 0.8619281045751634 0.31521739130434784 0.07516339869281045 0.30193236714975846
0 0.9330065359477124 0.37681159420289856 0.04411764705882353 0.012077294685990338
0 0.7630718954248366 0.4963768115942029 0.07516339869281045 0.016908212560386472
4 0.9256535947712419 0.36231884057971014 0.08496732026143791 0.3309178743961353