4 0.27369281045751637 0.6821515892420538 0.16013071895424835 0.6112469437652812
4 0.12009803921568628 0.6943765281173594 0.2238562091503268 0.5990220048899756
4 0.5531045751633987 0.6540342298288508 0.31209150326797386 0.687041564792176
1 0.5245098039215687 0.49144254278728605 0.08823529411764706 0.11246943765281174
0 0.2957516339869281 0.7420537897310513 0.08496732026143791 0.02689486552567237
0 0.10375816993464053 0.8496332518337408 0.12745098039215685 0.029339853300733496
1 0.6748366013071896 0.4841075794621027 0.0784313725490196 0.097799511002445
1 0.8390522875816994 0.4743276283618582 0.08496732026143791 0.1198044009779951
1 0.8848039215686274 0.5268948655256723 0.13725490196078433 0.18092909535452323
1 0.3831699346405229 0.4400977995110024 0.049019607843137254 0.08312958435207823
1 0.272875816993464 0.45843520782396086 0.08333333333333333 0.08801955990220049
1 0.4877450980392157 0.42053789731051344 0.08660130718954248 0.13202933985330073
1 0.10784313725490197 0.5 0.10294117647058823 0.15158924205378974