0 0.5694444444444444 0.3289156626506024 0.04411764705882353 0.016867469879518072
0 0.6821895424836601 0.3795180722891566 0.05392156862745098 0.016867469879518072
0 0.8921568627450981 0.4542168674698795 0.06209150326797386 0.016867469879518072
1 0.8578431372549019 0.19156626506024096 0.08333333333333333 0.10120481927710843
1 0.6625816993464052 0.17710843373493976 0.06372549019607843 0.08674698795180723
1 0.5547385620915033 0.1650602409638554 0.05555555555555555 0.0746987951807229
1 0.28104575163398693 0.1602409638554217 0.026143790849673203 0.05301204819277108
2 0.8202614379084967 0.18433734939759036 0.06535947712418301 0.10361445783132531
2 0.309640522875817 0.1674698795180723 0.03431372549019608 0.060240963855421686
0 0.190359477124183 0.4807228915662651 0.058823529411764705 0.02891566265060241
2 0.1919934640522876 0.163855421686747 0.08823529411764706 0.12530120481927712
4 0.5637254901960784 0.29759036144578316 0.08496732026143791 0.3542168674698795
4 0.6650326797385621 0.30120481927710846 0.10457516339869281 0.39036144578313253
4 0.3047385620915033 0.22771084337349398 0.06862745098039216 0.22650602409638554
4 0.8921568627450981 0.4759036144578313 0.16176470588235295 0.6602409638554216
4 0.190359477124183 0.3891566265060241 0.16339869281045752 0.6698795180722892
2 0.5155228758169934 0.17349397590361446 0.05065359477124183 0.07710843373493977