2 0.40931372549019607 0.3799019607843137 0.06372549019607843 0.0857843137254902
4 0.23039215686274508 0.6041666666666666 0.33169934640522875 0.7916666666666666
4 0.8848039215686274 0.5392156862745098 0.07352941176470588 0.39705882352941174
4 0.545751633986928 0.5943627450980392 0.1454248366013072 0.6225490196078431
4 0.40931372549019607 0.5490196078431373 0.12418300653594772 0.4877450980392157
0 0.5040849673202614 0.6139705882352942 0.05392156862745098 0.022058823529411766
0 0.40931372549019607 0.5906862745098039 0.06862745098039216 0.01715686274509804
2 0.23529411764705882 0.2867647058823529 0.10130718954248366 0.15196078431372548
2 0.5580065359477124 0.3480392156862745 0.06862745098039216 0.11764705882352941
2 0.6078431372549019 0.3443627450980392 0.07679738562091504 0.12009803921568628
2 0.8986928104575164 0.39828431372549017 0.07026143790849673 0.12745098039215685
0 0.11519607843137254 0.7009803921568627 0.0784313725490196 0.029411764705882353