2 0.5024509803921569 0.3431372549019608 0.09967320261437909 0.11029411764705882
2 0.23284313725490197 0.24387254901960784 0.07679738562091504 0.12009803921568628
0 0.23774509803921567 0.6237745098039216 0.0784313725490196 0.02696078431372549
0 0.4877450980392157 0.6654411764705882 0.0915032679738562 0.0392156862745098
4 0.22303921568627452 0.27205882352941174 0.07352941176470588 0.2426470588235294
4 0.27941176470588236 0.5661764705882353 0.16666666666666666 0.7598039215686274
2 0.2883986928104575 0.26348039215686275 0.08333333333333333 0.13970588235294118
2 0.369281045751634 0.23897058823529413 0.06862745098039216 0.09558823529411764
2 0.6184640522875817 0.2622549019607843 0.06535947712418301 0.1053921568627451
0 0.625 0.571078431372549 0.06862745098039216 0.031862745098039214
0 0.3831699346405229 0.5220588235294118 0.05555555555555555 0.029411764705882353
0 0.7973856209150327 0.4411764705882353 0.07026143790849673 0.0196078431372549
2 0.798202614379085 0.2757352941176471 0.058823529411764705 0.12745098039215685
2 0.6568627450980392 0.25857843137254904 0.08823529411764706 0.11274509803921569
4 0.6405228758169934 0.508578431372549 0.14052287581699346 0.6568627450980392
4 0.7867647058823529 0.38235294117647056 0.0915032679738562 0.3382352941176471
4 0.49836601307189543 0.5931372549019608 0.15522875816993464 0.7671568627450981
2 0.4264705882352941 0.27818627450980393 0.08006535947712418 0.10784313725490197
0 0.815359477124183 0.7536764705882353 0.10294117647058823 0.1053921568627451
2 0.545751633986928 0.2916666666666667 0.08496732026143791 0.1323529411764706