4 0.8594771241830066 0.5523255813953488 0.25 0.6395348837209303
2 0.035130718954248366 0.2805232558139535 0.05718954248366013 0.11918604651162791
2 0.08823529411764706 0.30377906976744184 0.06535947712418301 0.13372093023255813
2 0.30637254901960786 0.31976744186046513 0.06045751633986928 0.12790697674418605
2 0.4305555555555556 0.25726744186046513 0.05392156862745098 0.09011627906976744
2 0.26633986928104575 0.27180232558139533 0.06699346405228758 0.14244186046511628
4 0.5645424836601307 0.5348837209302325 0.2565359477124183 0.5523255813953488
1 0.21160130718954248 0.31540697674418605 0.05718954248366013 0.09302325581395349
2 0.7867647058823529 0.2616279069767442 0.04411764705882353 0.08139534883720931
2 0.880718954248366 0.32122093023255816 0.08496732026143791 0.1569767441860465
2 0.5866013071895425 0.3183139534883721 0.08333333333333333 0.12790697674418605