4 0.07177033492822966 0.5031746031746032 0.14354066985645933 0.7142857142857143
1 0.31698564593301437 0.1984126984126984 0.06937799043062201 0.08571428571428572
1 0.045454545454545456 0.2 0.06698564593301436 0.08571428571428572
1 0.7033492822966507 0.20476190476190476 0.0861244019138756 0.10793650793650794
0 0.291866028708134 0.5111111111111111 0.1076555023923445 0.02857142857142857
2 0.9342105263157895 0.17142857142857143 0.13157894736842105 0.15555555555555556
0 0.9700956937799043 0.5428571428571428 0.05980861244019139 0.02857142857142857
0 0.03110047846889952 0.5126984126984127 0.05741626794258373 0.06349206349206349
0 0.7212918660287081 0.546031746031746 0.08133971291866028 0.06984126984126984
4 0.6973684210526315 0.5238095238095238 0.20813397129186603 0.8285714285714286
4 0.31220095693779903 0.5095238095238095 0.2894736842105263 0.7746031746031746
4 0.9078947368421053 0.4793650793650794 0.18181818181818182 0.8380952380952381