4 0.2040133779264214 0.4822485207100592 0.15384615384615385 0.6627218934911243
0 0.1806020066889632 0.5355029585798816 0.07357859531772576 0.023668639053254437
0 0.4916387959866221 0.5650887573964497 0.043478260869565216 0.029585798816568046
0 0.6438127090301003 0.4556213017751479 0.04013377926421405 0.011834319526627219
0 0.7625418060200669 0.5236686390532544 0.07357859531772576 0.023668639053254437
0 0.8812709030100334 0.5443786982248521 0.03678929765886288 0.04142011834319527
0 0.41638795986622074 0.5207100591715976 0.05351170568561873 0.023668639053254437
0 0.33612040133779264 0.4319526627218935 0.04013377926421405 0.01775147928994083
1 0.20903010033444816 0.257396449704142 0.056856187290969896 0.1242603550295858
1 0.42474916387959866 0.2514792899408284 0.046822742474916385 0.11242603550295859
1 0.5100334448160535 0.2455621301775148 0.05351170568561873 0.14201183431952663
1 0.754180602006689 0.21301775147928995 0.06688963210702341 0.15384615384615385
1 0.34448160535117056 0.26627218934911245 0.05016722408026756 0.08875739644970414
1 0.6454849498327759 0.2869822485207101 0.04013377926421405 0.08284023668639054
1 0.8862876254180602 0.2958579881656805 0.056856187290969896 0.14201183431952663
4 0.8779264214046822 0.4556213017751479 0.10702341137123746 0.5266272189349113
4 0.774247491638796 0.5532544378698225 0.1605351170568562 0.863905325443787
4 0.6387959866220736 0.4349112426035503 0.07357859531772576 0.41420118343195267
4 0.5066889632107023 0.514792899408284 0.11371237458193979 0.7337278106508875
4 0.4096989966555184 0.4911242603550296 0.08361204013377926 0.6331360946745562
4 0.3411371237458194 0.39349112426035504 0.08361204013377926 0.4378698224852071