3 0.6333333333333333 0.050595238095238096 0.06 0.10119047619047619
4 0.625 0.34226190476190477 0.14333333333333334 0.6785714285714286
4 0.79 0.38095238095238093 0.20666666666666667 0.7619047619047619
4 0.4583333333333333 0.5 0.21 0.9940476190476191
0 0.605 0.3541666666666667 0.03666666666666667 0.017857142857142856
0 0.705 0.37797619047619047 0.07 0.023809523809523808
0 0.365 0.5625 0.07333333333333333 0.03571428571428571
2 0.7616666666666667 0.07738095238095238 0.07333333333333333 0.15476190476190477
1 0.815 0.06845238095238096 0.04 0.10119047619047619
3 0.041666666666666664 0.07738095238095238 0.07666666666666666 0.15476190476190477
1 0.48 0.10119047619047619 0.07666666666666666 0.15476190476190477