4 0.427536231884058 0.5573770491803278 0.18478260869565216 0.825136612021858
3 0.09963768115942029 0.3114754098360656 0.05434782608695652 0.09836065573770492
0 0.09601449275362318 0.5218579234972678 0.05434782608695652 0.03825136612021858
0 0.2826086956521739 0.5273224043715847 0.07971014492753623 0.01639344262295082
0 0.42391304347826086 0.6038251366120219 0.10869565217391304 0.03278688524590164
0 0.6322463768115942 0.5628415300546448 0.050724637681159424 0.0273224043715847
1 0.5996376811594203 0.3442622950819672 0.06159420289855073 0.10382513661202186
4 0.26992753623188404 0.5218579234972678 0.11956521739130435 0.639344262295082
4 0.1105072463768116 0.4972677595628415 0.11594202898550725 0.5956284153005464
4 0.6322463768115942 0.5273224043715847 0.13768115942028986 0.5081967213114754
1 0.2753623188405797 0.32786885245901637 0.06159420289855073 0.08196721311475409
1 0.4003623188405797 0.226775956284153 0.09057971014492754 0.13114754098360656