0 0.3057692307692308 0.47681159420289854 0.07538461538461538 0.022222222222222223
2 0.23384615384615384 0.193719806763285 0.05615384615384615 0.07053140096618357
2 0.3346153846153846 0.20579710144927535 0.0876923076923077 0.12270531400966184
2 0.43038461538461537 0.20483091787439614 0.10384615384615385 0.14879227053140096
2 0.6934615384615385 0.1956521739130435 0.08923076923076922 0.11884057971014493
4 0.693076923076923 0.41545893719806765 0.16538461538461538 0.6260869565217392
0 0.22653846153846155 0.3473429951690821 0.04461538461538461 0.020289855072463767
0 0.40807692307692306 0.5352657004830917 0.06846153846153846 0.022222222222222223
4 0.31115384615384617 0.4420289855072464 0.11153846153846154 0.6386473429951691
4 0.46692307692307694 0.48985507246376814 0.19923076923076924 0.7207729468599033
4 0.2169230769230769 0.3458937198067633 0.08846153846153847 0.4115942028985507