0 0.22038461538461537 0.5966633954857704 0.05846153846153846 0.022571148184494603
4 0.5403846153846154 0.47693817468105987 0.09 0.30029440628066734
3 0.55 0.3891069676153091 0.03307692307692308 0.04416094210009813
3 0.635 0.38763493621197254 0.04384615384615385 0.06673209028459273
3 0.6773076923076923 0.39106967615309124 0.05846153846153846 0.08145240431795878
1 0.7119230769230769 0.36653581943081454 0.033846153846153845 0.052011776251226695
1 0.7846153846153846 0.3999018645731109 0.03923076923076923 0.04906771344455348
1 0.3976923076923077 0.3704612365063788 0.04 0.05789990186457311
1 0.3203846153846154 0.37095191364082436 0.05153846153846154 0.06967615309126594
0 0.9107692307692308 0.49116781157998035 0.02846153846153846 0.011776251226692836
0 0.7776923076923077 0.5314033366045142 0.045384615384615384 0.007850834151128557
0 0.6446153846153846 0.627576054955839 0.07846153846153846 0.02845927379784102
0 0.5430769230769231 0.4941118743866536 0.03923076923076923 0.017664376840039256
4 0.9134615384615384 0.492639842983317 0.11846153846153847 0.2649656526005888
4 0.8061538461538461 0.5456329735034348 0.10538461538461538 0.38272816486751715
4 0.28076923076923077 0.5804710500490677 0.30230769230769233 0.5623159960745829
4 0.6753846153846154 0.6246319921491659 0.16 0.592737978410206