2 0.36733333333333335 0.21067415730337077 0.056666666666666664 0.0852059925093633
2 0.6663333333333333 0.2794943820224719 0.056 0.11891385767790262
2 0.7316666666666667 0.34269662921348315 0.094 0.14887640449438203
2 0.6296666666666667 0.21956928838951312 0.050666666666666665 0.07397003745318352
0 0.18533333333333332 0.4943820224719101 0.062 0.023408239700374533
0 0.404 0.6558988764044944 0.08866666666666667 0.02153558052434457
0 0.754 0.6629213483146067 0.08266666666666667 0.042134831460674156
0 0.5103333333333333 0.4302434456928839 0.04933333333333333 0.017790262172284643
4 0.401 0.6151685393258427 0.172 0.6966292134831461
4 0.20166666666666666 0.46114232209737827 0.11866666666666667 0.45224719101123595
4 0.5303333333333333 0.43352059925093633 0.11333333333333333 0.45786516853932585
4 0.744 0.6100187265917603 0.17733333333333334 0.6844569288389513
4 0.6543333333333333 0.42228464419475653 0.09466666666666666 0.4887640449438202
2 0.39266666666666666 0.352059925093633 0.09266666666666666 0.12453183520599251
2 0.208 0.2907303370786517 0.068 0.11704119850187265
2 0.5206666666666667 0.2607677902621723 0.08266666666666667 0.13670411985018727