4 0.30970149253731344 0.6462765957446809 0.22014925373134328 0.6861702127659575
2 0.710820895522388 0.375 0.08208955223880597 0.11702127659574468
2 0.6268656716417911 0.43351063829787234 0.0708955223880597 0.13829787234042554
2 0.4123134328358209 0.4175531914893617 0.0708955223880597 0.1276595744680851
2 0.3656716417910448 0.425531914893617 0.0708955223880597 0.1276595744680851
2 0.30970149253731344 0.449468085106383 0.07835820895522388 0.14893617021276595
2 0.12313432835820895 0.3351063829787234 0.05223880597014925 0.1276595744680851
2 0.05970149253731343 0.4601063829787234 0.11194029850746269 0.13297872340425532
4 0.6063432835820896 0.6037234042553191 0.21641791044776118 0.7872340425531915
4 0.09701492537313433 0.5797872340425532 0.17164179104477612 0.6648936170212766
0 0.5485074626865671 0.7845744680851063 0.07462686567164178 0.047872340425531915