4 0.2866666666666667 0.6160714285714286 0.13666666666666666 0.7321428571428571
3 0.4583333333333333 0.3630952380952381 0.07666666666666666 0.19642857142857142
1 0.17333333333333334 0.3958333333333333 0.09333333333333334 0.15476190476190477
1 0.2633333333333333 0.35119047619047616 0.06666666666666667 0.14285714285714285
1 0.9766666666666667 0.4255952380952381 0.04666666666666667 0.16666666666666666
1 0.27666666666666667 0.25595238095238093 0.08333333333333333 0.15476190476190477
2 0.715 0.34226190476190477 0.08666666666666667 0.20238095238095238
2 0.7816666666666666 0.2619047619047619 0.07333333333333333 0.15476190476190477
2 0.6133333333333333 0.21726190476190477 0.06333333333333334 0.16666666666666666
2 0.3333333333333333 0.19642857142857142 0.07 0.1488095238095238
2 0.7133333333333334 0.1636904761904762 0.06 0.15476190476190477
2 0.965 0.32142857142857145 0.07 0.21428571428571427
0 0.11166666666666666 0.8303571428571429 0.08333333333333333 0.041666666666666664
0 0.27666666666666667 0.7976190476190477 0.08666666666666667 0.023809523809523808
0 0.45166666666666666 0.7738095238095238 0.05 0.05357142857142857
0 0.6966666666666667 0.8095238095238095 0.07 0.02976190476190476
4 0.15333333333333332 0.6130952380952381 0.16333333333333333 0.7619047619047619
4 0.7216666666666667 0.5982142857142857 0.15 0.7738095238095238
4 0.4633333333333333 0.6071428571428571 0.16333333333333333 0.75
4 0.9316666666666666 0.6636904761904762 0.08 0.6607142857142857