4 0.7696875 0.49333333333333335 0.23625 0.8111111111111111
3 0.96375 0.1711111111111111 0.063125 0.12666666666666668
2 0.330625 0.16333333333333333 0.075 0.14888888888888888
0 0.8996875 0.5611111111111111 0.055625 0.043333333333333335
0 0.365625 0.6638888888888889 0.08375 0.06444444444444444
1 0.19 0.1438888888888889 0.05375 0.10555555555555556
1 0.281875 0.1438888888888889 0.04625 0.12222222222222222
1 0.0365625 0.1988888888888889 0.061875 0.15333333333333332
1 0.7646875 0.16166666666666665 0.061875 0.1388888888888889
1 0.8125 0.17666666666666667 0.063125 0.14888888888888888
1 0.7196875 0.19666666666666666 0.0725 0.15777777777777777
1 0.564375 0.16333333333333333 0.10125 0.15222222222222223
1 0.0946875 0.16 0.09625 0.15777777777777777
4 0.4896875 0.5288888888888889 0.42 0.9077777777777778