1 0.4199346405228758 0.3073170731707317 0.08006535947712418 0.11219512195121951
3 0.09803921568627451 0.26951219512195124 0.06535947712418301 0.1073170731707317
4 0.2916666666666667 0.4695121951219512 0.10947712418300654 0.5682926829268292
4 0.09640522875816994 0.47804878048780486 0.15849673202614378 0.6121951219512195
0 0.10375816993464053 0.5219512195121951 0.04738562091503268 0.01707317073170732
0 0.31290849673202614 0.49390243902439024 0.05718954248366013 0.01707317073170732
0 0.4795751633986928 0.7219512195121951 0.10457516339869281 0.05609756097560976
0 0.7941176470588235 0.7951219512195122 0.08823529411764706 0.05609756097560976
0 0.6004901960784313 0.6439024390243903 0.0718954248366013 0.03170731707317073
2 0.5939542483660131 0.2951219512195122 0.09640522875816994 0.12926829268292683
2 0.7777777777777778 0.38658536585365855 0.10620915032679738 0.2
2 0.46895424836601307 0.3548780487804878 0.09477124183006536 0.14634146341463414
2 0.2965686274509804 0.2817073170731707 0.06209150326797386 0.08536585365853659
4 0.45016339869281047 0.6012195121951219 0.19444444444444445 0.7804878048780488
4 0.7892156862745098 0.6195121951219512 0.2238562091503268 0.751219512195122
4 0.5980392156862745 0.6 0.14705882352941177 0.7682926829268293