1 0.22058823529411764 0.4348894348894349 0.06699346405228758 0.13513513513513514
1 0.6323529411764706 0.4619164619164619 0.04411764705882353 0.10810810810810811
1 0.6740196078431373 0.44963144963144963 0.05228758169934641 0.09828009828009827
1 0.7973856209150327 0.36609336609336607 0.0392156862745098 0.0687960687960688
1 0.8643790849673203 0.40786240786240785 0.042483660130718956 0.09336609336609336
0 0.14950980392156862 0.914004914004914 0.06535947712418301 0.06633906633906633
0 0.619281045751634 0.816953316953317 0.08333333333333333 0.029484029484029485
0 0.8790849673202614 0.6498771498771498 0.05555555555555555 0.022113022113022112
4 0.23937908496732027 0.6621621621621622 0.21241830065359477 0.6584766584766585
4 0.6511437908496732 0.6867321867321867 0.16993464052287582 0.6068796068796068
4 0.8668300653594772 0.6240786240786241 0.12745098039215685 0.5454545454545454