3 0.2361111111111111 0.28431372549019607 0.10294117647058823 0.18382352941176472
3 0.6119281045751634 0.3480392156862745 0.06862745098039216 0.11519607843137254
3 0.4019607843137255 0.3700980392156863 0.05718954248366013 0.09803921568627451
3 0.5612745098039216 0.3553921568627451 0.06209150326797386 0.11274509803921569
3 0.8962418300653595 0.3872549019607843 0.04738562091503268 0.10294117647058823
1 0.9673202614379085 0.3014705882352941 0.05718954248366013 0.10049019607843138
0 0.11683006535947713 0.696078431372549 0.07516339869281045 0.03431372549019608
0 0.4133986928104575 0.5894607843137255 0.06535947712418301 0.024509803921568627
0 0.5065359477124183 0.6139705882352942 0.05555555555555555 0.014705882352941176
4 0.2540849673202614 0.5551470588235294 0.35294117647058826 0.803921568627451
4 0.40441176470588236 0.5171568627450981 0.11764705882352941 0.4730392156862745
4 0.5776143790849673 0.5735294117647058 0.28431372549019607 0.6176470588235294