0 0.12173202614379085 0.8455882352941176 0.04084967320261438 0.03431372549019608
0 0.8129084967320261 0.6924019607843137 0.032679738562091505 0.02696078431372549
1 0.5310457516339869 0.5196078431372549 0.05392156862745098 0.09068627450980392
1 0.7965686274509803 0.5355392156862745 0.049019607843137254 0.07352941176470588
0 0.5465686274509803 0.7046568627450981 0.06045751633986928 0.029411764705882353
1 0.5866013071895425 0.5465686274509803 0.05555555555555555 0.0661764705882353
1 0.761437908496732 0.5428921568627451 0.05065359477124183 0.061274509803921566
4 0.12009803921568628 0.6997549019607843 0.1454248366013072 0.5416666666666666
4 0.7973856209150327 0.6936274509803921 0.14869281045751634 0.42892156862745096
4 0.6127450980392157 0.6715686274509803 0.10294117647058823 0.35049019607843135
4 0.5522875816993464 0.6850490196078431 0.12091503267973856 0.4362745098039216
1 0.08986928104575163 0.5563725490196079 0.05555555555555555 0.0857843137254902
1 0.12745098039215685 0.5306372549019608 0.0784313725490196 0.1053921568627451