1 0.6484126984126984 0.28792134831460675 0.025396825396825397 0.05898876404494382
0 0.7603174603174603 0.5168539325842697 0.06666666666666667 0.025280898876404494
0 0.8793650793650793 0.5435393258426966 0.04285714285714286 0.056179775280898875
0 0.49047619047619045 0.5617977528089888 0.05396825396825397 0.03932584269662921
0 0.17539682539682538 0.5421348314606742 0.07301587301587302 0.028089887640449437
0 0.41825396825396827 0.5154494382022472 0.06666666666666667 0.03651685393258427
0 0.6388888888888888 0.45224719101123595 0.050793650793650794 0.028089887640449437
0 0.3357142857142857 0.4311797752808989 0.049206349206349205 0.02247191011235955
1 0.20873015873015874 0.25702247191011235 0.049206349206349205 0.10112359550561797
1 0.34285714285714286 0.26685393258426965 0.02857142857142857 0.06741573033707865
1 0.4222222222222222 0.2640449438202247 0.0380952380952381 0.09269662921348315
1 0.5087301587301587 0.25842696629213485 0.05396825396825397 0.12359550561797752
1 0.7619047619047619 0.20224719101123595 0.06190476190476191 0.1348314606741573
1 0.888095238095238 0.2907303370786517 0.046031746031746035 0.09831460674157304
4 0.5293650793650794 0.523876404494382 0.14285714285714285 0.6966292134831461
4 0.6452380952380953 0.43679775280898875 0.0761904761904762 0.39325842696629215
4 0.9079365079365079 0.48314606741573035 0.1111111111111111 0.5814606741573034
4 0.2126984126984127 0.4901685393258427 0.16666666666666666 0.6825842696629213
4 0.4126984126984127 0.4747191011235955 0.08412698412698413 0.6095505617977528
4 0.3333333333333333 0.39325842696629215 0.06666666666666667 0.4157303370786517
4 0.7682539682539683 0.5393258426966292 0.15396825396825398 0.8707865168539326