2 0.5125 0.3901345291479821 0.16 0.672645739910314
2 0.87625 0.5 0.2175 0.905829596412556
1 0.51375 0.1681614349775785 0.055 0.15695067264573992
1 0.15875 0.15246636771300448 0.0925 0.17488789237668162
1 0.84125 0.17713004484304934 0.0875 0.2062780269058296
2 0.1075 0.4798206278026906 0.215 0.8565022421524664
2 0.32 0.4730941704035874 0.185 0.9461883408071748
1 0.33 0.11434977578475336 0.09 0.21973094170403587
1 0.2825 0.16591928251121077 0.0875 0.17937219730941703
0 0.29125 0.600896860986547 0.115 0.07174887892376682
0 0.14375 0.5762331838565022 0.085 0.08968609865470852
0 0.8525 0.5381165919282511 0.1075 0.06726457399103139