0 0.2 0.7794612794612794 0.05277777777777778 0.05218855218855219
2 0.9402777777777778 0.803030303030303 0.04351851851851852 0.06565656565656566
4 0.4398148148148148 0.6279461279461279 0.05 0.2053872053872054
4 0.21342592592592594 0.7558922558922558 0.09537037037037037 0.4696969696969697
4 0.861574074074074 0.7946127946127947 0.06574074074074074 0.26936026936026936
4 0.30925925925925923 0.5563973063973064 0.027777777777777776 0.12962962962962962
4 0.3421296296296296 0.5614478114478114 0.03148148148148148 0.13636363636363635
3 0.862037037037037 0.7104377104377104 0.02962962962962963 0.06060606060606061
0 0.33611111111111114 0.7702020202020202 0.046296296296296294 0.05387205387205387
0 0.4393518518518518 0.6304713804713805 0.016666666666666666 0.025252525252525252
0 0.9435185185185185 0.9629629629629629 0.058333333333333334 0.03198653198653199
0 0.8722222222222222 0.8097643097643098 0.03333333333333333 0.018518518518518517
1 0.21064814814814814 0.6043771043771043 0.049074074074074076 0.06565656565656566
1 0.9087962962962963 0.7727272727272727 0.025 0.07575757575757576
2 0.43796296296296294 0.5732323232323232 0.022222222222222223 0.05723905723905724