3 0.3280769230769231 0.13807531380753138 0.026153846153846153 0.028242677824267783
0 0.9438461538461539 0.622907949790795 0.1123076923076923 0.08368200836820083
0 0.6615384615384615 0.39644351464435146 0.08384615384615385 0.07426778242677824
0 0.36923076923076925 0.23117154811715482 0.024615384615384615 0.02405857740585774
0 0.32346153846153847 0.26202928870292885 0.038461538461538464 0.03347280334728033
0 0.2580769230769231 0.23117154811715482 0.036923076923076927 0.04288702928870293
0 0.5269230769230769 0.5559623430962343 0.05923076923076923 0.03556485355648536
0 0.09576923076923077 0.34048117154811713 0.05615384615384615 0.014644351464435146
3 0.09769230769230769 0.18671548117154813 0.05615384615384615 0.08368200836820083
3 0.4946153846153846 0.18357740585774057 0.07846153846153846 0.14748953974895398
3 0.9130769230769231 0.16317991631799164 0.17 0.14958158995815898
3 0.6346153846153846 0.14278242677824268 0.05076923076923077 0.07635983263598327
3 0.1819230769230769 0.15115062761506276 0.038461538461538464 0.0502092050209205
3 0.693076923076923 0.14644351464435146 0.04923076923076923 0.06903765690376569
3 0.2553846153846154 0.14069037656903766 0.038461538461538464 0.03347280334728033
4 0.17923076923076922 0.20763598326359833 0.06076923076923077 0.24686192468619247
4 0.5069230769230769 0.42573221757322177 0.15923076923076923 0.6820083682008368
4 0.3223076923076923 0.20345188284518828 0.05615384615384615 0.25523012552301255
4 0.25076923076923074 0.2065899581589958 0.06230769230769231 0.1893305439330544
4 0.6580769230769231 0.3200836820083682 0.13076923076923078 0.4989539748953975
3 0.36653846153846154 0.13232217573221758 0.036923076923076927 0.03556485355648536
4 0.09076923076923077 0.2928870292887029 0.09230769230769231 0.36715481171548114
4 0.8888461538461538 0.43357740585774057 0.22230769230769232 0.7698744769874477