4 0.19375 0.6875 0.14583333333333334 0.23046875
2 0.20625 0.600390625 0.07916666666666666 0.03359375
3 0.5895833333333333 0.60078125 0.05138888888888889 0.0203125
2 0.6472222222222223 0.6203125 0.08472222222222223 0.0359375
2 0.2951388888888889 0.58515625 0.04861111111111111 0.02421875
2 0.4597222222222222 0.583203125 0.03611111111111111 0.0234375
2 0.4076388888888889 0.591015625 0.059722222222222225 0.0234375
0 0.4986111111111111 0.665625 0.04583333333333333 0.01875
0 0.29305555555555557 0.669921875 0.04722222222222222 0.01484375
0 0.21666666666666667 0.75 0.06666666666666667 0.01875
0 0.41041666666666665 0.73671875 0.06527777777777778 0.0203125
0 0.7180555555555556 0.822265625 0.09305555555555556 0.03203125
4 0.7152777777777778 0.7390625 0.25277777777777777 0.35859375
4 0.39861111111111114 0.673828125 0.10694444444444444 0.225