4 0.90546875 0.690625 0.1328125 0.4979166666666667
4 0.296875 0.4979166666666667 0.0875 0.43333333333333335
4 0.70390625 0.7041666666666667 0.1265625 0.5041666666666667
4 0.4421875 0.5291666666666667 0.0921875 0.43333333333333335
1 0.78359375 0.32083333333333336 0.0359375 0.075
1 0.29921875 0.3333333333333333 0.040625 0.058333333333333334
1 0.44140625 0.36666666666666664 0.0453125 0.075
1 0.3984375 0.24583333333333332 0.0375 0.0375
1 0.60625 0.3770833333333333 0.0421875 0.058333333333333334
1 0.66171875 0.4114583333333333 0.0609375 0.06458333333333334
1 0.71328125 0.2916666666666667 0.034375 0.029166666666666667
1 0.028125 0.61875 0.05625 0.14375
0 0.15546875 0.6020833333333333 0.084375 0.041666666666666664
0 0.2890625 0.5135416666666667 0.06875 0.041666666666666664
0 0.425 0.5760416666666667 0.06875 0.027083333333333334
0 0.70390625 0.8020833333333334 0.084375 0.03333333333333333
0 0.8890625 0.7333333333333333 0.0515625 0.03125
0 0.77578125 0.4375 0.0515625 0.014583333333333334
0 0.8421875 0.43125 0.0375 0.016666666666666666
0 0.91796875 0.396875 0.05 0.014583333333333334
2 0.1625 0.36666666666666664 0.0703125 0.08125
2 0.6953125 0.5177083333333333 0.0703125 0.09583333333333334
2 0.85078125 0.3125 0.0453125 0.058333333333333334
2 0.121875 0.30625 0.0625 0.06875
1 0.9140625 0.29375 0.0375 0.05
1 0.0703125 0.29583333333333334 0.0515625 0.07083333333333333
0 0.04765625 0.46041666666666664 0.0625 0.01875
1 0.90859375 0.4979166666666667 0.096875 0.07708333333333334
0 0.37734375 0.325 0.0296875 0.03333333333333333