2 0.3325 0.5607476635514018 0.1875 0.8271028037383178
1 0.92 0.2780373831775701 0.0775 0.17289719626168223
1 0.61125 0.338785046728972 0.11 0.19626168224299065
1 0.33375 0.3014018691588785 0.0925 0.22429906542056074
1 0.09875 0.25934579439252337 0.115 0.17757009345794392
2 0.10875 0.5420560747663551 0.1975 0.8457943925233645
2 0.59375 0.5654205607476636 0.2025 0.7710280373831776
2 0.90625 0.5467289719626168 0.18 0.8177570093457944
0 0.9125 0.8738317757009346 0.075 0.1261682242990654
0 0.59125 0.8644859813084113 0.095 0.102803738317757
0 0.3375 0.7757009345794392 0.0725 0.102803738317757
0 0.0775 0.7172897196261683 0.065 0.08411214953271028