2 0.774074074074074 0.6863406408094435 0.025925925925925925 0.047217537942664416
2 0.9828703703703704 0.7428330522765598 0.024074074074074074 0.05227655986509275
2 0.6393518518518518 0.6138279932546374 0.025 0.045531197301854974
0 0.32685185185185184 0.7731871838111298 0.05277777777777778 0.04047217537942664
0 0.6324074074074074 0.8136593591905565 0.041666666666666664 0.025295109612141653
0 0.7851851851851852 0.8010118043844857 0.03148148148148148 0.01854974704890388
0 0.8486111111111111 0.7571669477234402 0.027777777777777776 0.01854974704890388
0 0.21342592592592594 0.6652613827993255 0.025925925925925925 0.025295109612141653
0 0.033796296296296297 0.6087689713322091 0.025 0.01854974704890388
1 0.31805555555555554 0.6306913996627319 0.05277777777777778 0.05227655986509275
1 0.9601851851851851 0.7318718381112985 0.014814814814814815 0.050590219224283306
1 0.8347222222222223 0.6694772344013491 0.030555555555555555 0.06239460370994941
1 0.20277777777777778 0.5438448566610455 0.02962962962962963 0.06239460370994941
2 0.04953703703703704 0.5025295109612141 0.041666666666666664 0.0657672849915683
2 0.625 0.6888701517706577 0.04351851851851852 0.08600337268128162
4 0.20787037037037037 0.642495784148398 0.07314814814814814 0.30185497470489037
4 0.8421296296296297 0.718381112984823 0.05740740740740741 0.26981450252951095
4 0.7782407407407408 0.769814502529511 0.06018518518518518 0.31197301854974707
4 0.6231481481481481 0.8018549747048904 0.08796296296296297 0.3372681281618887
4 0.05277777777777778 0.5649241146711635 0.06018518518518518 0.28330522765598654
4 0.32407407407407407 0.760539629005059 0.08888888888888889 0.3760539629005059
4 0.9625 0.8094435075885329 0.075 0.35075885328836426