2 0.375 0.46458333333333335 0.15 0.5375
1 0.91625 0.35 0.0625 0.10416666666666667
1 0.81375 0.36875 0.0775 0.10416666666666667
1 0.71875 0.38125 0.0725 0.13333333333333333
1 0.58 0.35833333333333334 0.0675 0.1125
1 0.46875 0.36041666666666666 0.065 0.09583333333333334
1 0.36 0.37083333333333335 0.055 0.09166666666666666
1 0.23125 0.3729166666666667 0.05 0.10416666666666667
1 0.09375 0.35833333333333334 0.0625 0.1125
2 0.49375 0.4895833333333333 0.13 0.42083333333333334
2 0.24 0.48125 0.13 0.5083333333333333
2 0.10375 0.48541666666666666 0.1425 0.45
2 0.61125 0.4479166666666667 0.185 0.5833333333333334
2 0.71875 0.47708333333333336 0.1775 0.6416666666666667
2 0.82125 0.45416666666666666 0.1175 0.4791666666666667
2 0.92125 0.4666666666666667 0.125 0.475
0 0.23375 0.5270833333333333 0.06 0.07083333333333333
0 0.07625 0.5166666666666667 0.055 0.05
0 0.57875 0.50625 0.06 0.041666666666666664
0 0.9325 0.5104166666666666 0.075 0.07916666666666666