1 0.7300925925925926 0.6371100164203612 0.02962962962962963 0.04433497536945813
0 0.08333333333333333 0.8653530377668309 0.062037037037037036 0.05090311986863711
2 0.5564814814814815 0.6346469622331691 0.032407407407407406 0.08374384236453201
0 0.7055555555555556 0.735632183908046 0.028703703703703703 0.024630541871921183
0 0.7865740740740741 0.8711001642036125 0.03611111111111111 0.026272577996715927
0 0.6356481481481482 0.8464696223316913 0.03611111111111111 0.031198686371100164
0 0.5412037037037037 0.7430213464696224 0.03148148148148148 0.0361247947454844
1 0.6152777777777778 0.6494252873563219 0.030555555555555555 0.04926108374384237
1 0.7773148148148148 0.6674876847290641 0.05185185185185185 0.07389162561576355
1 0.8296296296296296 0.6420361247947455 0.025 0.03284072249589491
1 0.2 0.6403940886699507 0.03425925925925926 0.0755336617405583
2 0.1597222222222222 0.6215106732348111 0.05648148148148148 0.10180623973727422
0 0.8226851851851852 0.7142857142857143 0.024074074074074074 0.013136288998357963
4 0.5513888888888889 0.7602627257799671 0.06944444444444445 0.38095238095238093
4 0.8375 0.722495894909688 0.05648148148148148 0.2512315270935961
4 0.7773148148148148 0.7750410509031199 0.06574074074074074 0.3563218390804598
4 0.6319444444444444 0.7569786535303776 0.07592592592592592 0.3694581280788177
4 0.1375 0.7487684729064039 0.22037037037037038 0.5024630541871922