4 0.12916666666666668 0.4825 0.16574074074074074 0.9433333333333334
4 0.8398148148148148 0.3958333333333333 0.11203703703703703 0.7233333333333334
4 0.5773148148148148 0.47583333333333333 0.15 0.8416666666666667
4 0.3125 0.36666666666666664 0.13703703703703704 0.6183333333333333
1 0.8462962962962963 0.16916666666666666 0.06759259259259259 0.14666666666666667
0 0.10185185185185185 0.6266666666666667 0.07962962962962963 0.08
0 0.2791666666666667 0.435 0.049074074074074076 0.058333333333333334
0 0.5611111111111111 0.525 0.10185185185185185 0.06166666666666667
0 0.8388888888888889 0.47583333333333333 0.08518518518518518 0.02666666666666667
1 0.14027777777777778 0.14083333333333334 0.10833333333333334 0.22666666666666666
1 0.3087962962962963 0.16 0.06296296296296296 0.13833333333333334
1 0.5833333333333334 0.16333333333333333 0.058333333333333334 0.15333333333333332