2 0.6191666666666666 0.3053125 0.03916666666666667 0.036875
2 0.40166666666666667 0.33625 0.06 0.03625
2 0.5654166666666667 0.320625 0.105 0.085625
0 0.7304166666666667 0.41125 0.041666666666666664 0.02125
0 0.35875 0.5196875 0.05583333333333333 0.03125
0 0.4625 0.58375 0.08333333333333333 0.038125
4 0.5608333333333333 0.4875 0.31083333333333335 0.515
3 0.035833333333333335 0.3459375 0.07083333333333333 0.084375
1 0.7620833333333333 0.29625 0.045 0.0325
2 0.6583333333333333 0.3021875 0.035833333333333335 0.030625
4 0.38 0.4178125 0.12416666666666666 0.249375