1 0.2800925925925926 0.5017421602787456 0.012962962962962963 0.04006968641114982
0 0.08333333333333333 0.75 0.049074074074074076 0.03832752613240418
0 0.17222222222222222 0.5461672473867596 0.03425925925925926 0.020905923344947737
0 0.7305555555555555 0.764808362369338 0.02962962962962963 0.020905923344947737
0 0.6277777777777778 0.6655052264808362 0.021296296296296296 0.010452961672473868
0 0.27546296296296297 0.5583623693379791 0.018518518518518517 0.006968641114982578
2 0.10833333333333334 0.5601045296167247 0.04814814814814815 0.08885017421602788
2 0.6282407407407408 0.5836236933797909 0.030555555555555555 0.03832752613240418
2 0.7226851851851852 0.6506968641114983 0.020370370370370372 0.0627177700348432
2 0.17824074074074073 0.48693379790940766 0.025 0.047038327526132406
4 0.7212962962962963 0.7273519163763066 0.05185185185185185 0.25261324041811845
4 0.17314814814814813 0.5409407665505227 0.04259259259259259 0.1916376306620209
4 0.09166666666666666 0.7195121951219512 0.09074074074074075 0.47909407665505227
4 0.2796296296296296 0.5548780487804879 0.04259259259259259 0.17421602787456447
4 0.5148148148148148 0.5365853658536586 0.019444444444444445 0.078397212543554
4 0.38425925925925924 0.5078397212543554 0.020370370370370372 0.0975609756097561
4 0.5740740740740741 0.5775261324041812 0.03148148148148148 0.14634146341463414
4 0.8597222222222223 0.8571428571428571 0.13703703703703704 0.2804878048780488
4 0.625 0.6315331010452961 0.03888888888888889 0.2073170731707317