1 0.165 0.1322314049586777 0.11 0.17355371900826447
1 0.44125 0.23553719008264462 0.1025 0.19421487603305784
1 0.61625 0.3119834710743802 0.0875 0.1487603305785124
2 0.15 0.5206611570247934 0.2275 0.9297520661157025
2 0.42625 0.49793388429752067 0.1675 0.8099173553719008
2 0.6525 0.5413223140495868 0.2025 0.7107438016528925
2 0.9275 0.6177685950413223 0.125 0.5371900826446281
0 0.12625 0.5392561983471075 0.1175 0.09504132231404959
0 0.395 0.5991735537190083 0.08 0.06611570247933884
0 0.605 0.6157024793388429 0.0875 0.05785123966942149
0 0.90625 0.7210743801652892 0.0825 0.049586776859504134