1 0.45125 0.40980392156862744 0.075 0.12156862745098039
2 0.82625 0.48823529411764705 0.215 0.3058823529411765
2 0.89125 0.4764705882352941 0.19 0.34901960784313724
2 0.74125 0.49607843137254903 0.1975 0.3568627450980392
2 0.50125 0.5137254901960784 0.1975 0.4392156862745098
2 0.37 0.49411764705882355 0.1775 0.6509803921568628
2 0.235 0.5196078431372549 0.18 0.615686274509804
2 0.1125 0.5019607843137255 0.18 0.5568627450980392
1 0.845 0.39215686274509803 0.055 0.12941176470588237
1 0.775 0.4137254901960784 0.0575 0.10980392156862745
1 0.69625 0.396078431372549 0.085 0.10588235294117647
1 0.3525 0.39215686274509803 0.0675 0.11372549019607843
1 0.2025 0.3843137254901961 0.0725 0.12941176470588237
1 0.1 0.3627450980392157 0.0975 0.15294117647058825