4 0.6766666666666666 0.26910828025477707 0.09083333333333334 0.4745222929936306
4 0.22333333333333333 0.39012738853503187 0.10416666666666667 0.7436305732484076
4 0.41083333333333333 0.4785031847133758 0.2425 0.947452229299363
4 0.93625 0.48487261146496813 0.1175 0.9570063694267515
1 0.23625 0.10668789808917198 0.06583333333333333 0.1305732484076433
1 0.43083333333333335 0.15127388535031847 0.075 0.22770700636942676
1 0.36583333333333334 0.1265923566878981 0.0625 0.2085987261146497
1 0.50875 0.12340764331210191 0.025833333333333333 0.08280254777070063
0 0.21 0.446656050955414 0.06916666666666667 0.06369426751592357
0 0.36125 0.6934713375796179 0.1275 0.052547770700636945
0 0.9383333333333334 0.5780254777070064 0.11 0.054140127388535034
0 0.6720833333333334 0.3057324840764331 0.055 0.03821656050955414
2 0.6775 0.09554140127388536 0.041666666666666664 0.09872611464968153
2 0.9525 0.10429936305732485 0.095 0.2070063694267516
3 0.485 0.14012738853503184 0.0275 0.07484076433121019