1 0.25875 0.3204633204633205 0.06 0.10810810810810811
1 0.77625 0.3185328185328185 0.0875 0.13127413127413126
1 0.91875 0.33976833976833976 0.02 0.0888030888030888
1 0.05125 0.3359073359073359 0.06 0.11969111969111969
2 0.95375 0.4980694980694981 0.0925 0.637065637065637
1 0.5375 0.15637065637065636 0.1025 0.2625482625482625
2 0.08875 0.5173745173745173 0.15 0.5405405405405406
2 0.28875 0.5482625482625483 0.205 0.667953667953668
2 0.55625 0.4420849420849421 0.3025 0.8841698841698842
2 0.825 0.527027027027027 0.2225 0.7027027027027027
0 0.635 0.6023166023166023 0.1225 0.14671814671814673
0 0.29625 0.5675675675675675 0.095 0.06563706563706563
0 0.09625 0.5656370656370656 0.07 0.07722007722007722
0 0.8525 0.555984555984556 0.0825 0.04247104247104247