2 0.5507142857142857 0.16037735849056603 0.02 0.03207547169811321
2 0.7921428571428571 0.17641509433962263 0.04 0.06981132075471698
2 0.735 0.15377358490566037 0.05857142857142857 0.11509433962264151
0 0.6371428571428571 0.42924528301886794 0.055714285714285716 0.045283018867924525
2 0.19214285714285714 0.1877358490566038 0.15428571428571428 0.19811320754716982
2 0.34785714285714286 0.20566037735849058 0.12714285714285714 0.1830188679245283
2 0.8857142857142857 0.19245283018867926 0.13714285714285715 0.2339622641509434
0 0.5678571428571428 0.8735849056603774 0.10571428571428572 0.14150943396226415
4 0.6892857142857143 0.28773584905660377 0.17857142857142858 0.4
4 0.5764285714285714 0.2481132075471698 0.07714285714285714 0.2320754716981132
2 0.6914285714285714 0.180188679245283 0.09 0.12264150943396226
2 0.575 0.17358490566037735 0.025714285714285714 0.04339622641509434